{
MDVP_Fo_Hz : 119.992,
MDVP_Fhi_Hz : 157.302,
MDVP_Flo_Hz : 74.997,
MDVP_Jitter_% : 0.00784,
MDVP_Jitter_Abs : 0.00007,
MDVP_RAP : 0.0037,
MDVP_PPQ : 0.00554,
Jitter_DDP : 0.01109,
MDVP_Shimmer : 0.04374,
MDVP_Shimmer_dB : 0.426,
Shimmer_APQ3 : 0.02182,
Shimmer_APQ5 : 0.0313,
MDVP_APQ : 0.02971,
Shimmer_DDA : 0.06545,
NHR : 0.02211,
HNR : 21.033,
RPDE : 0.414783,
DFA : 0.815285,
spread1 : -4.813031,
spread2 : 0.266482,
D2 : 2.301442,
PPE : 0.284654,
}